service_id,monday,tuesday,wednesday,thursday,friday,saturday,sunday,start_date,end_date
10512,0,0,0,0,1,0,0,20260720,20260828
150490,1,1,1,1,0,0,0,20260831,20270326
155767,1,1,1,1,1,0,0,20260831,20270326
185147,1,1,1,1,1,0,0,20260720,20270326
1877,0,0,0,0,0,1,0,20260829,20260905
1884,0,0,0,0,0,0,1,20260830,20260830
18868,0,0,0,1,0,0,0,20260722,20260827
242,0,0,0,0,0,1,0,20260829,20260829
2595,0,0,0,0,0,0,1,20260830,20260906
29348,0,0,0,0,0,0,1,20260830,20270321
29380,1,1,1,1,1,0,0,20260720,20260828
30098,0,0,0,0,0,1,0,20260829,20270320
35922,0,0,0,0,0,0,1,20260726,20270321
36712,0,0,0,0,0,1,0,20260725,20270320
4557,0,0,0,0,0,0,0,20260720,20260825
5277,0,0,0,0,1,0,0,20260904,20260925
5955,0,0,0,0,1,0,0,20260724,20260828
63424171903,1,1,1,1,1,0,0,20260720,20270326
6574,0,0,0,0,0,0,1,20260726,20260823
6614,0,0,0,0,0,1,0,20260725,20260822
7656,1,1,1,1,1,0,0,20260831,20260907
20-1,0,1,1,1,1,0,0,20260801,20260912
20-2,0,0,0,0,0,0,1,20260801,20260912
20-3,1,0,0,0,0,0,0,20260801,20260912
20-4,0,0,0,0,0,1,0,20260801,20260912
20-5,1,1,1,1,1,0,0,20260801,20260912
H:111:6:Sunday:1:26SEP:1234567,0,0,0,0,0,0,1,20260913,20261206
H:111:6:Sunday:2:26SEP:1234567,0,0,0,0,0,0,1,20260830,20260907
H:113:6:Sunday:3:26MAR:1234567,0,0,0,0,0,0,1,20260816,20260823
H:121:0:Weekday:1:26SEP:12345,1,1,1,1,1,0,0,20260902,20261211
H:121:0:Weekday:2:26SEP:12345,1,1,1,1,1,0,0,20260831,20260904
H:123:0:Weekday:3:26MAR:12345,1,1,1,1,1,0,0,20260810,20260826
H:123:0:Weekday:4:26MAR:12345,1,1,1,1,1,0,0,20260827,20260828
H:171:5:Saturday:1:26SEP:6,0,0,0,0,0,1,0,20260912,20261205
H:171:5:Saturday:2:26SEP:6,0,0,0,0,0,1,0,20260829,20260905
H:173:5:Saturday:3:26MAR:6,0,0,0,0,0,1,0,20260815,20260822
KP:321:0:Weekday:1:26SEP:12345,1,1,1,1,1,0,0,20260902,20261211
KP:321:0:Weekday:2:26SEP:12345,1,1,1,1,1,0,0,20260831,20260904
KP:323:0:Weekday:3:26MAR:12345,1,1,1,1,1,0,0,20260810,20260826
KP:323:0:Weekday:4:26MAR:12345,1,1,1,1,1,0,0,20260827,20260828
KPOB-CS:223:0:Weekday:1:26MAR:12345,1,1,1,1,1,0,0,20260810,20260828
KPOB-CS:273:5:Saturday:1:26MAR:6,0,0,0,0,0,1,0,20260815,20260822
1,1,0,0,0,0,0,1,20260830,20261212
10,1,0,0,0,0,0,0,20260607,20260829
11,0,0,0,0,0,1,0,20260607,20260829
12,1,0,0,0,0,0,0,20260607,20260829
13,0,0,0,0,0,0,1,20260607,20260829
14,0,0,0,0,0,0,1,20260607,20260829
15,0,0,0,0,0,1,0,20260607,20260829
16,0,0,0,0,0,1,0,20260607,20260829
17,0,0,0,0,1,0,0,20260607,20260829
18,0,0,0,1,0,0,0,20260607,20260829
19,0,0,1,0,0,0,0,20260607,20260829
2,0,0,0,0,0,1,0,20260830,20261212
3,1,1,1,1,1,0,0,20260830,20261212
4,0,0,0,0,0,1,0,20260830,20261212
5,0,0,0,0,0,0,1,20260830,20261212
6,1,0,1,1,1,0,0,20260830,20261212
7,0,0,0,0,1,0,0,20260607,20260829
8,0,0,0,0,1,0,0,20260607,20260829
9,0,0,0,0,0,1,0,20260607,20260829
a-1,1,1,1,1,0,0,0,20260607,20260829
a-2,0,0,0,0,1,0,0,20260607,20260829
a-3,0,0,0,0,0,0,1,20260607,20260829
a-4,0,0,0,0,0,1,0,20260607,20260829
a-5,0,0,0,0,0,0,1,20260607,20260829
a-6,0,0,1,0,0,0,0,20260607,20260829
LLR_2026-03-29_Jan29_Spring26_CLCrev_Saturday,0,0,0,0,0,1,0,20260329,20260828
LLR_2026-03-29_Jan29_Spring26_CLCrev_Sunday,0,0,0,0,0,0,1,20260329,20260828
LLR_2026-06-01_Jan29_Spring26_CLCrev_Weekday,1,1,1,1,1,0,0,20260601,20260828
LLR_2026-08-29_20260730_Link_Fall26-PHrev_Saturday,0,0,0,0,0,1,0,20260829,20270320
LLR_2026-08-30_20260730_Link_Fall26-PHrev_Sunday,0,0,0,0,0,0,1,20260830,20270321
LLR_2026-08-31_20260730_Link_Fall26-PHrev_Weekday,1,1,1,1,1,0,0,20260831,20270326
LLR_BusBridge202609_15-17-Fr,0,0,0,0,1,0,0,20260915,20260917
LLR_BusBridge202609_15-17-Mo-Th,1,1,1,1,0,0,0,20260915,20260917
LinkShuttle_SurgeArrestor-MoFr,1,0,0,0,1,0,0,20260901,20260910
LinkShuttle_SurgeArrestor-Tu-Th,0,1,1,1,0,0,0,20260901,20260910
SNDR_2026-04-15_Apr15_Sounder_Spring2026_Weekday,1,1,1,1,1,0,0,20260415,20261125
SNDR_2026-08-01_20260427_Sounder_EventStart1730_Weekend,0,0,0,0,0,1,0,20260801,20260801
SNDR_2026-08-02_20260427_Sounder_EventStart1310_Weekend,0,0,0,0,0,0,1,20260802,20260802
SNDR_2026-08-09_20260427_Sounder_EventStart1310_Weekend,0,0,0,0,0,0,1,20260809,20260809
SNDR_2026-08-23_20260427_Sounder_EventStart1310_Weekend,0,0,0,0,0,0,1,20260823,20260823
SNDR_2026-08-29_20260427_Sounder_EventStart1330_Weekend,0,0,0,0,0,1,0,20260829,20260829
SNDR_2026-09-06_20260427_Sounder_EventStart1310_Weekend,0,0,0,0,0,0,1,20260906,20260906
SNDR_2026-09-27_20260730_Sounder_Mariners1210_Weekend,0,0,0,0,0,0,1,20260927,20260927
SNDR_2026-10-04_20260813_Sounder_Seahawks1325_Sunday,0,0,0,0,0,0,1,20261004,20261011
SNDR_2026-11-08_20260813_Sounder_Seahawks1325_Sunday,0,0,0,0,0,0,1,20261108,20261108
SNDR_2026-12-13_20260813_Sounder_Seahawks1325_Sunday,0,0,0,0,0,0,1,20261213,20261213
TLINE_2026-01-24_TLink_Saturday_ForGTFS_09162023_12mins,0,0,0,0,0,1,0,20260124,20260829
TLINE_2026-01-24_TLink_Sunday_ForGTFS_09162023_20mins,0,0,0,0,0,0,1,20260124,20260829
TLINE_2026-01-26_TLink_Weekday_forGTFS_09162023_12mins,1,1,1,1,1,0,0,20260126,20260829
TLINE_2026-08-30_TLink_Saturday_ForGTFS_09162023_12mins,0,0,0,0,0,1,0,20260830,20270320
TLINE_2026-08-30_TLink_Sunday_ForGTFS_09162023_20mins,0,0,0,0,0,0,1,20260830,20270321
TLINE_2026-08-31_TLink_Weekday_forGTFS_09162023_12mins,1,1,1,1,1,0,0,20260831,20270326
2026railplus,1,1,1,1,1,0,0,20260713,20270301
20260825,0,1,0,0,0,0,0,20260825,20260825
20260826,0,0,1,0,0,0,0,20260826,20260826
20260827,0,0,0,1,0,0,0,20260827,20260827
20260828,0,0,0,0,1,0,0,20260828,20260828
20260829,0,0,0,0,0,1,0,20260829,20260829
20260830,0,0,0,0,0,0,1,20260830,20260830
20260831,1,0,0,0,0,0,0,20260831,20260831
20260901,0,1,0,0,0,0,0,20260901,20260901
20260902,0,0,1,0,0,0,0,20260902,20260902
20260903,0,0,0,1,0,0,0,20260903,20260903
20260904,0,0,0,0,1,0,0,20260904,20260904
20260905,0,0,0,0,0,1,0,20260905,20260905
20260906,0,0,0,0,0,0,1,20260906,20260906
20260907,1,0,0,0,0,0,0,20260907,20260907
20260908,0,1,0,0,0,0,0,20260908,20260908
20260909,0,0,1,0,0,0,0,20260909,20260909
20260910,0,0,0,1,0,0,0,20260910,20260910
20260911,0,0,0,0,1,0,0,20260911,20260911
20260912,0,0,0,0,0,1,0,20260912,20260912
20260913,0,0,0,0,0,0,1,20260913,20260913
20260914,1,0,0,0,0,0,0,20260914,20260914
20260915,0,1,0,0,0,0,0,20260915,20260915
20260916,0,0,1,0,0,0,0,20260916,20260916
20260917,0,0,0,1,0,0,0,20260917,20260917
20260918,0,0,0,0,1,0,0,20260918,20260918
20260919,0,0,0,0,0,1,0,20260919,20260919
20260920,0,0,0,0,0,0,1,20260920,20260920
20260921,1,0,0,0,0,0,0,20260921,20260921
20260922,0,1,0,0,0,0,0,20260922,20260922
20260923,0,0,1,0,0,0,0,20260923,20260923
20260924,0,0,0,1,0,0,0,20260924,20260924
20260925,0,0,0,0,1,0,0,20260925,20260925
20260926,0,0,0,0,0,1,0,20260926,20260926
20260927,0,0,0,0,0,0,1,20260927,20260927
20260928,1,0,0,0,0,0,0,20260928,20260928
20260929,0,1,0,0,0,0,0,20260929,20260929
20260930,0,0,1,0,0,0,0,20260930,20260930
20261001,0,0,0,1,0,0,0,20261001,20261001
20261002,0,0,0,0,1,0,0,20261002,20261002
20261003,0,0,0,0,0,1,0,20261003,20261003
20261004,0,0,0,0,0,0,1,20261004,20261004
20261005,1,0,0,0,0,0,0,20261005,20261005
20261006,0,1,0,0,0,0,0,20261006,20261006
20261007,0,0,1,0,0,0,0,20261007,20261007
20261008,0,0,0,1,0,0,0,20261008,20261008
20261009,0,0,0,0,1,0,0,20261009,20261009
20261010,0,0,0,0,0,1,0,20261010,20261010
20261011,0,0,0,0,0,0,1,20261011,20261011
20261012,1,0,0,0,0,0,0,20261012,20261012
20261013,0,1,0,0,0,0,0,20261013,20261013
20261014,0,0,1,0,0,0,0,20261014,20261014
20261015,0,0,0,1,0,0,0,20261015,20261015
20261016,0,0,0,0,1,0,0,20261016,20261016
20261017,0,0,0,0,0,1,0,20261017,20261017
20261018,0,0,0,0,0,0,1,20261018,20261018
summer2026_MonFri,1,1,1,1,1,0,0,20260525,20260907
summer2026_SatSun,0,0,0,0,0,1,1,20260530,20260906
winter2025_Fri,0,0,0,0,1,0,0,20250905,20260522
winter2025_MonThu,1,1,1,1,0,0,0,20250902,20260521
winter2025_Sat,0,0,0,0,0,1,0,20250906,20260516
winter2025_Sun,0,0,0,0,0,0,1,20250907,20260517
winter2026_Fri,0,0,0,0,1,0,0,20260911,20270528
winter2026_MonThu,1,1,1,1,0,0,0,20260908,20270527
winter2026_Sat,0,0,0,0,0,1,0,20260912,20270529
winter2026_Sun,0,0,0,0,0,0,1,20260913,20270530
307,1,1,1,1,1,0,0,20260731,20261104
308,0,0,0,0,0,1,0,20260731,20261104
309,0,0,0,0,0,0,1,20260731,20261104
