service_id,date,exception_type
10512,20260720,1
10512,20260721,1
10512,20260722,2
10512,20260727,2
10512,20260728,2
10512,20260729,2
10512,20260803,2
10512,20260804,1
10512,20260805,1
10512,20260810,2
10512,20260811,2
10512,20260812,2
10512,20260817,2
10512,20260818,2
10512,20260819,2
10512,20260824,1
10512,20260825,1
10512,20260826,2
150490,20260904,2
150490,20260911,2
150490,20260918,2
150490,20260925,2
150490,20261002,1
150490,20261009,1
150490,20261016,1
150490,20261023,1
150490,20261030,1
150490,20261106,1
150490,20261113,1
150490,20261120,1
150490,20261127,1
150490,20261204,1
150490,20261211,1
150490,20261218,1
150490,20261225,1
150490,20270101,1
150490,20270108,1
150490,20270115,1
150490,20270122,1
150490,20270129,1
150490,20270205,1
150490,20270212,1
150490,20270219,1
150490,20270226,1
150490,20270305,1
150490,20270312,1
150490,20270319,1
150490,20270326,1
18868,20260722,1
18868,20260727,1
18868,20260728,1
18868,20260729,1
18868,20260803,1
18868,20260804,2
18868,20260805,2
18868,20260810,1
18868,20260811,1
18868,20260812,1
18868,20260817,1
18868,20260818,1
18868,20260819,1
18868,20260824,2
18868,20260825,2
18868,20260826,1
4557,20260720,1
4557,20260721,1
4557,20260722,2
4557,20260727,2
4557,20260728,2
4557,20260729,2
4557,20260803,2
4557,20260804,1
4557,20260805,1
4557,20260810,2
4557,20260811,2
4557,20260812,2
4557,20260817,2
4557,20260818,2
4557,20260819,2
4557,20260824,1
4557,20260825,1
11-v41,20260821,1
11-v41,20260828,1
11-v41,20260904,1
11-v41,20260911,1
12-v41,20260822,1
12-v41,20260829,1
12-v41,20260905,1
12-v41,20260912,1
12-v41,20260919,1
13-v41,20260823,1
13-v41,20260830,1
13-v41,20260906,1
13-v41,20260913,1
2-v41,20260824,1
2-v41,20260831,1
2-v41,20260907,1
2-v41,20260914,1
2-v42,20260921,1
2-v42,20260928,1
2-v42,20261005,1
2-v42,20261012,1
2-v42,20261019,1
2-v42,20261026,1
2-v42,20261102,1
2-v42,20261109,1
2-v42,20261116,1
2-v42,20261123,1
2-v42,20261130,1
2-v42,20261207,1
2-v42,20261214,1
2-v42,20261221,1
2-v42,20261228,1
3-v41,20260818,1
3-v41,20260825,1
3-v41,20260901,1
3-v41,20260908,1
3-v41,20260915,1
3-v42,20260922,1
3-v42,20260929,1
3-v42,20261006,1
3-v42,20261013,1
3-v42,20261020,1
3-v42,20261027,1
3-v42,20261103,1
3-v42,20261110,1
3-v42,20261117,1
3-v42,20261124,1
3-v42,20261201,1
3-v42,20261208,1
3-v42,20261215,1
3-v42,20261222,1
3-v42,20261229,1
4-v41,20260819,1
4-v41,20260826,1
4-v41,20260902,1
4-v41,20260909,1
4-v41,20260916,1
4-v42,20260923,1
4-v42,20260930,1
4-v42,20261007,1
4-v42,20261014,1
4-v42,20261021,1
4-v42,20261028,1
4-v42,20261104,1
4-v42,20261111,1
4-v42,20261118,1
4-v42,20261125,1
4-v42,20261202,1
4-v42,20261209,1
4-v42,20261216,1
4-v42,20261223,1
4-v42,20261230,1
5-v41,20260820,1
5-v41,20260827,1
5-v41,20260903,1
5-v41,20260910,1
5-v41,20260917,1
5-v42,20260924,1
5-v42,20261001,1
5-v42,20261008,1
5-v42,20261015,1
5-v42,20261022,1
5-v42,20261029,1
5-v42,20261105,1
5-v42,20261112,1
5-v42,20261119,1
5-v42,20261203,1
5-v42,20261210,1
5-v42,20261217,1
5-v42,20261224,1
5-v42,20261231,1
6-v41,20260918,1
6-v42,20260925,1
6-v42,20261002,1
6-v42,20261009,1
6-v42,20261016,1
6-v42,20261023,1
6-v42,20261030,1
6-v42,20261106,1
6-v42,20261113,1
6-v42,20261120,1
6-v42,20261127,1
6-v42,20261204,1
6-v42,20261211,1
6-v42,20261218,1
7-v42,20260926,1
7-v42,20261003,1
7-v42,20261010,1
7-v42,20261017,1
7-v42,20261024,1
7-v42,20261031,1
7-v42,20261107,1
7-v42,20261114,1
7-v42,20261121,1
7-v42,20261128,1
7-v42,20261205,1
7-v42,20261212,1
7-v42,20261219,1
7-v42,20261226,1
7-v42,20270102,1
8-v42,20260920,1
8-v42,20260927,1
8-v42,20261004,1
8-v42,20261011,1
8-v42,20261018,1
8-v42,20261025,1
8-v42,20261101,1
8-v42,20261108,1
8-v42,20261115,1
8-v42,20261122,1
8-v42,20261129,1
8-v42,20261206,1
8-v42,20261213,1
8-v42,20261220,1
8-v42,20261227,1
20-1,20260804,2
20-1,20260805,2
20-1,20260806,2
20-1,20260807,2
20-1,20260811,2
20-1,20260812,2
20-1,20260813,2
20-1,20260814,2
20-1,20260818,2
20-1,20260819,2
20-1,20260820,2
20-1,20260821,2
20-1,20260825,2
20-1,20260826,2
20-1,20260827,2
20-1,20260828,2
20-1,20260901,1
20-1,20260902,1
20-1,20260903,1
20-1,20260904,1
20-1,20260908,1
20-1,20260909,1
20-1,20260910,1
20-1,20260911,1
20-3,20260803,2
20-3,20260810,2
20-3,20260817,2
20-3,20260824,2
20-3,20260831,2
20-3,20260907,1
20-5,20260901,2
20-5,20260902,2
20-5,20260903,2
20-5,20260904,2
20-5,20260907,2
20-5,20260908,2
20-5,20260909,2
20-5,20260910,2
20-5,20260911,2
H:111:6:Sunday:1:26SEP:1234567,20261126,1
H:111:6:Sunday:2:26SEP:1234567,20260907,1
H:121:0:Weekday:1:26SEP:12345,20260903,2
H:121:0:Weekday:1:26SEP:12345,20260904,2
H:121:0:Weekday:1:26SEP:12345,20260907,2
H:121:0:Weekday:1:26SEP:12345,20261126,2
H:121:0:Weekday:2:26SEP:12345,20260902,2
KP:321:0:Weekday:1:26SEP:12345,20260903,2
KP:321:0:Weekday:1:26SEP:12345,20260904,2
KP:321:0:Weekday:1:26SEP:12345,20260907,2
KP:321:0:Weekday:1:26SEP:12345,20261126,2
KP:321:0:Weekday:2:26SEP:12345,20260902,2
1,20260830,2
1,20260831,2
1,20260906,1
1,20260907,1
1,20260913,1
1,20260914,2
1,20260920,1
1,20260921,2
1,20260927,1
1,20260928,2
1,20261004,2
1,20261005,2
1,20261011,2
1,20261012,2
1,20261018,2
1,20261019,2
1,20261025,2
1,20261026,2
1,20261101,2
1,20261102,2
1,20261108,2
1,20261109,2
1,20261115,2
1,20261116,2
1,20261122,2
1,20261123,2
1,20261129,2
1,20261130,2
1,20261206,2
1,20261207,2
10,20260608,2
10,20260615,1
10,20260622,2
10,20260629,2
10,20260706,2
10,20260713,2
10,20260720,2
10,20260727,2
10,20260803,2
10,20260810,2
10,20260817,2
10,20260824,2
11,20260620,2
11,20260627,2
11,20260718,2
11,20260829,2
12,20260608,2
12,20260615,2
12,20260622,2
12,20260629,2
12,20260706,1
12,20260713,2
12,20260720,2
12,20260727,2
12,20260803,2
12,20260810,2
12,20260817,2
12,20260824,2
13,20260607,2
13,20260614,2
13,20260621,1
13,20260628,2
13,20260705,2
13,20260712,2
13,20260719,2
13,20260726,2
13,20260802,2
13,20260809,2
13,20260816,2
13,20260823,2
14,20260607,2
14,20260614,2
14,20260621,2
14,20260628,1
14,20260705,2
14,20260712,2
14,20260719,2
14,20260726,2
14,20260802,2
14,20260809,2
14,20260816,2
14,20260823,2
15,20260613,2
15,20260620,2
15,20260627,1
15,20260704,2
15,20260711,2
15,20260718,2
15,20260725,2
15,20260801,2
15,20260808,2
15,20260815,2
15,20260822,2
15,20260829,2
16,20260613,2
16,20260620,2
16,20260627,2
16,20260704,2
16,20260711,2
16,20260718,2
16,20260725,2
16,20260801,2
16,20260808,2
16,20260815,2
16,20260822,2
16,20260829,1
17,20260612,2
17,20260619,2
17,20260626,2
17,20260703,2
17,20260828,2
18,20260611,2
18,20260618,1
18,20260625,2
18,20260702,2
18,20260709,2
18,20260716,2
18,20260723,2
18,20260730,2
18,20260806,2
18,20260813,2
18,20260820,2
18,20260827,2
19,20260610,2
19,20260617,2
19,20260624,2
19,20260701,1
19,20260708,2
19,20260715,2
19,20260722,2
19,20260729,2
19,20260805,2
19,20260812,2
19,20260819,2
19,20260826,2
2,20260905,2
2,20260912,2
2,20260919,2
2,20260926,2
3,20260904,2
3,20260907,2
3,20260910,2
3,20260911,2
3,20260914,2
3,20260916,2
3,20260917,2
3,20260918,2
3,20260921,2
3,20260923,2
3,20260924,2
3,20260925,2
3,20261126,2
4,20260905,1
4,20260912,1
4,20260919,1
4,20260926,1
4,20261003,2
4,20261010,2
4,20261017,2
4,20261024,2
4,20261031,2
4,20261107,2
4,20261114,2
4,20261121,2
4,20261128,2
4,20261205,2
4,20261212,2
5,20260906,2
5,20260913,2
5,20260920,2
5,20260927,2
5,20261126,1
6,20260831,2
6,20260902,2
6,20260903,2
6,20260904,1
6,20260907,2
6,20260909,2
6,20260910,1
6,20260911,1
6,20260914,1
6,20260916,1
6,20260917,1
6,20260918,1
6,20260921,1
6,20260923,1
6,20260924,1
6,20260925,1
6,20260928,2
6,20260930,2
6,20261001,2
6,20261002,2
6,20261005,2
6,20261007,2
6,20261008,2
6,20261009,2
6,20261012,2
6,20261014,2
6,20261015,2
6,20261016,2
6,20261019,2
6,20261021,2
6,20261022,2
6,20261023,2
6,20261026,2
6,20261028,2
6,20261029,2
6,20261030,2
6,20261102,2
6,20261104,2
6,20261105,2
6,20261106,2
6,20261109,2
6,20261111,2
6,20261112,2
6,20261113,2
6,20261116,2
6,20261118,2
6,20261119,2
6,20261120,2
6,20261123,2
6,20261125,2
6,20261126,2
6,20261127,2
6,20261130,2
6,20261202,2
6,20261203,2
6,20261204,2
6,20261207,2
6,20261209,2
6,20261210,2
6,20261211,2
7,20260612,1
7,20260619,2
7,20260626,2
7,20260703,2
7,20260710,2
7,20260717,2
7,20260724,2
7,20260731,2
7,20260807,2
7,20260814,2
7,20260821,2
7,20260828,2
8,20260612,2
8,20260619,2
8,20260626,1
8,20260703,2
8,20260710,2
8,20260717,2
8,20260724,2
8,20260731,2
8,20260807,2
8,20260814,2
8,20260821,2
8,20260828,2
9,20260613,2
9,20260620,1
9,20260627,2
9,20260704,2
9,20260711,2
9,20260718,2
9,20260725,2
9,20260801,2
9,20260808,2
9,20260815,2
9,20260822,2
9,20260829,2
a-1,20260615,2
a-1,20260618,2
a-1,20260624,2
a-1,20260701,2
a-1,20260706,2
a-1,20260828,1
a-2,20260612,2
a-2,20260619,1
a-2,20260626,2
a-2,20260703,2
a-2,20260710,2
a-2,20260717,2
a-2,20260724,2
a-2,20260731,2
a-2,20260807,2
a-2,20260814,2
a-2,20260821,2
a-2,20260828,2
a-3,20260621,2
a-3,20260628,2
a-3,20260703,1
a-3,20260719,2
a-4,20260613,2
a-4,20260620,2
a-4,20260627,2
a-4,20260704,2
a-4,20260711,2
a-4,20260718,1
a-4,20260725,2
a-4,20260801,2
a-4,20260808,2
a-4,20260815,2
a-4,20260822,2
a-4,20260829,2
a-5,20260607,2
a-5,20260614,2
a-5,20260621,2
a-5,20260628,2
a-5,20260705,2
a-5,20260712,2
a-5,20260719,1
a-5,20260726,2
a-5,20260802,2
a-5,20260809,2
a-5,20260816,2
a-5,20260823,2
a-6,20260610,2
a-6,20260617,2
a-6,20260624,1
a-6,20260701,2
a-6,20260708,2
a-6,20260715,2
a-6,20260722,2
a-6,20260729,2
a-6,20260805,2
a-6,20260812,2
a-6,20260819,2
a-6,20260826,2
LLR_2026-06-01_Jan29_Spring26_CLCrev_Weekday,20260804,2
LLR_2026-06-01_Jan29_Spring26_CLCrev_Weekday,20260805,2
LLR_2026-06-01_Jan29_Spring26_CLCrev_Weekday,20260806,2
LLR_2026-06-01_Jan29_Spring26_CLCrev_Weekday,20260818,2
LLR_2026-06-01_Jan29_Spring26_CLCrev_Weekday,20260819,2
LLR_2026-06-01_Jan29_Spring26_CLCrev_Weekday,20260820,2
LLR_2026-08-04_20260331_Link_AprEMW_Weekday,20260804,1
LLR_2026-08-05_20260331_Link_AprEMW_Weekday,20260805,1
LLR_2026-08-06_20260331_Link_AprEMW_Weekday,20260806,1
LLR_2026-08-18_20260730_Link_AugustEMW_Weekday,20260818,1
LLR_2026-08-19_20260730_Link_AugustEMW_Weekday,20260819,1
LLR_2026-08-20_20260730_Link_AugustEMW_Weekday,20260820,1
LLR_2026-08-31_20260730_Link_Fall26-PHrev_Weekday,20260901,2
LLR_2026-08-31_20260730_Link_Fall26-PHrev_Weekday,20260902,2
LLR_2026-08-31_20260730_Link_Fall26-PHrev_Weekday,20260903,2
LLR_2026-08-31_20260730_Link_Fall26-PHrev_Weekday,20260907,2
LLR_2026-08-31_20260730_Link_Fall26-PHrev_Weekday,20260910,2
LLR_2026-08-31_20260730_Link_Fall26-PHrev_Weekday,20260915,2
LLR_2026-08-31_20260730_Link_Fall26-PHrev_Weekday,20260916,2
LLR_2026-08-31_20260730_Link_Fall26-PHrev_Weekday,20260917,2
LLR_2026-08-31_20260730_Link_Fall26-PHrev_Weekday,20261126,2
LLR_2026-09-01_20260813_Link_SurgeArrestorEMW_SBS-OVS_Weekday,20260901,1
LLR_2026-09-02_20260813_Link_SurgeArrestorEMW_SBS-OVS_Weekday,20260902,1
LLR_2026-09-03_20260813_Link_SurgeArrestorEMW_SBS-OVS_Weekday,20260903,1
LLR_2026-09-07_20260730_Link_Fall26-PHrev_Holiday,20260907,1
LLR_2026-09-10_20260813_Link_SurgeArrestorEMW_SBS-OVS_Weekday,20260910,1
LLR_2026-09-15_20260813_Link_SepEMW-DSTT_Weekday,20260915,1
LLR_2026-09-16_20260813_Link_SepEMW-DSTT_Weekday,20260916,1
LLR_2026-09-17_20260813_Link_SepEMW-DSTT_Weekday,20260917,1
LLR_2026-11-26_20260730_Link_Fall26-PHrev_Holiday,20261126,1
LinkShuttle_SurgeArrestor-MoFr,20260904,2
LinkShuttle_SurgeArrestor-MoFr,20260907,2
LinkShuttle_SurgeArrestor-Tu-Th,20260908,2
LinkShuttle_SurgeArrestor-Tu-Th,20260909,2
SNDR_2026-04-15_Apr15_Sounder_Spring2026_Weekday,20260907,2
TLINE_2026-08-31_TLink_Weekday_forGTFS_09162023_12mins,20260907,2
TLINE_2026-09-07_Aug25_TLine_v2_Sunday,20260907,1
event_s2100e0000,20260512,1
event_s2100e0000,20260513,1
event_s2100e0000,20260908,1
event_s2100e0000,20260913,1
event_s2100e0000,20261001,1
event_s2100e0000,20261008,1
event_s2100e0000,20261012,1
event_s2100e0000,20261015,1
event_s2100e0000,20261105,1
event_s2100e2130,20260928,1
event_s2100e2230,20260429,1
event_s2100e2245,20260422,1
event_s2300e0000,20260509,1
event_s2300e0000,20260604,1
event_s2300e0000,20260613,1
event_s2300e0000,20260624,1
event_s2300e0000,20260630,1
event_s2300e0000,20260701,1
event_s2300e0000,20260702,1
event_s2300e0000,20260802,1
event_s2300e0000,20260803,1
event_s2300e0000,20260804,1
event_s2300e0000,20260807,1
event_s2300e0000,20260812,1
event_s2300e0000,20260822,1
event_s2300e0000,20260825,1
event_s2300e0000,20260828,1
event_s2300e0000,20260901,1
event_s2300e0000,20260902,1
event_s2300e0000,20260905,1
event_s2300e0000,20260918,1
event_s2300e0000,20261003,1
event_s2300e0000,20261010,1
event_s2300e0000,20261017,1
event_s2300e0000,20261031,1
event_s2300e2330,20260719,1
event_s2300e2330,20261002,1
memorial_day_2026,20260525,1
summer2026_MonFri,20260525,2
